FT		ID		AT		WT		ST 
3		102		1		0		2
4		103		2		0		2
4		109		3		0		1
5		105		2		0		3
5		111		4		0		1
6		101		1		0		5
6		104		2		0		4
6		110		4		0		2
12		120		8		2		2
12		113		5		6		1
12		114		6		5		1
13		124		11		1		1
14		128		13		0		1
14		117		8		5		1
14		112		5		8		1
15		126		12		1		2
15		106		2		12		1
16		116		7		5		4
16		107		3		12		1
16		130		14		1		1
16		129		14		1		1
17		122		9		7		1
20		108		3		13		4
20		115		7		10		3
21		118		8		12		1
22		119		8		12		2
23		125		12		1		10
23		127		12		9		2
24		123		11		10		3

Orders: 29  [Norm: 5, Veg: 5, Vip : 19]
Cooks: 8    [Norm: 3, Veg: 3, Vip : 2, injured:3]
Avg Wait = 4.58621,  Avg Serv = 2.2069
Urgent orders: 4, Auto-promoted: 50%
