FT		ID		AT		WT		ST 
2		102		1		0		1
3		103		2		0		1
4		109		3		0		1
5		105		2		0		3
5		111		4		0		1
6		101		1		0		5
6		104		2		0		4
6		110		4		0		2
11		113		5		4		2
11		120		8		2		1
12		114		6		5		1
13		116		7		5		1
13		125		12		0		1
14		117		8		5		1
14		112		5		8		1
15		126		12		1		2
15		106		2		12		1
15		130		14		0		1
16		124		11		1		4
16		107		3		12		1
16		129		14		1		1
17		128		13		0		4
17		108		3		13		1
17		122		9		7		1
19		115		7		9		3
19		118		8		9		2
23		123		11		9		3
24		127		12		8		4
26		119		8		10		8

Orders: 29  [Norm: 7, Veg: 5, Vip : 17]
Cooks: 8    [Norm: 3, Veg: 3, Vip : 2, injured:3]
Avg Wait = 4.17241,  Avg Serv = 2.13793
Urgent orders: 3, Auto-promoted: 30%
