3 3 2
1 2 3 4 5 6
1 3 5 6 8 5 10
0.3 7
12 7
35
R N 1 101 5 120
R V 1 102 7 190
R V 2 103 6 170
R V 2 104 4 106 
R N 2 105 3 80
R N 2 106 7 193
R N 3 107 7 186
R N 3 108 8 190
R G 3 109 5 176
R G 4 110 6 165
R G 4 111 5 147
R G 5 112 7 212
R N 5 113 7 164
P 6 113 66
R V 6 114 5 207
X 7 112
R N 7 115 6 178
R V 7 116 7 193 
R V 8 117 4 108 
R N 8 118 3 90
R N 8 119 7 217
R N 8 120 7 203
R N 9 121 8 197
R G 9 122 5 200
P 10 120 56
X 10 121
R N 11 123 5 120
R V 11 124 8 170
R V 12 125 9 160
R V 12 126 4 116 
R N 12 127 4 89
P 13 126 76
R V 13 128 7 198
R V 14 129 8 230
R V 14 130 7 251